0.340278~~0.462222
0.340278, 0.462222
-0.0472222~~0.255556
0.340278, 0.462222
-0.0472222, 0.255556
0.394444~~-0.0577778
0.340278, 0.462222
-0.0472222, 0.255556
0.394444, -0.0577778
0.0291667~~-0.16
0.340278, 0.462222
-0.0472222, 0.255556
0.394444, -0.0577778
0.0291667, -0.16
-0.219444~~0.131111
0.340278, 0.462222
-0.0472222, 0.255556
0.394444, -0.0577778
0.0291667, -0.16
-0.219444, 0.131111
-0.141667~~0.451111
0.340278, 0.462222
-0.0472222, 0.255556
0.394444, -0.0577778
0.0291667, -0.16
-0.219444, 0.131111
-0.141667, 0.451111
-0.297222~~0.382222
0.340278, 0.462222
-0.0472222, 0.255556
0.394444, -0.0577778
0.0291667, -0.16
-0.219444, 0.131111
-0.141667, 0.451111
-0.297222, 0.382222
-0.3625~~-0.02
0.340278, 0.462222
-0.0472222, 0.255556
0.394444, -0.0577778
0.0291667, -0.16
-0.219444, 0.131111
-0.141667, 0.451111
-0.297222, 0.382222
-0.3625, -0.02
-0.268056~~-0.397778
0.340278, 0.462222
-0.0472222, 0.255556
0.394444, -0.0577778
0.0291667, -0.16
-0.219444, 0.131111
-0.141667, 0.451111
-0.297222, 0.382222
-0.3625, -0.02
-0.268056, -0.397778
-0.0291667~~-0.44
0.340278, 0.462222
-0.0472222, 0.255556
0.394444, -0.0577778
0.0291667, -0.16
-0.219444, 0.131111
-0.141667, 0.451111
-0.297222, 0.382222
-0.3625, -0.02
-0.268056, -0.397778
-0.0291667, -0.44
0.180556~~-0.377778
0.340278, 0.462222
-0.0472222, 0.255556
0.394444, -0.0577778
0.0291667, -0.16
-0.219444, 0.131111
-0.141667, 0.451111
-0.297222, 0.382222
-0.3625, -0.02
-0.268056, -0.397778
-0.0291667, -0.44
0.180556, -0.377778
0.305556~~-0.202222
0.340278, 0.462222
-0.0472222, 0.255556
0.394444, -0.0577778
0.0291667, -0.16
-0.219444, 0.131111
-0.141667, 0.451111
-0.297222, 0.382222
-0.3625, -0.02
-0.268056, -0.397778
-0.0291667, -0.44
0.180556, -0.377778
0.305556, -0.202222
0.565278~~0.237778
0.340278, 0.462222
-0.0472222, 0.255556
0.394444, -0.0577778
0.0291667, -0.16
-0.219444, 0.131111
-0.141667, 0.451111
-0.297222, 0.382222
-0.3625, -0.02
-0.268056, -0.397778
-0.0291667, -0.44
0.180556, -0.377778
0.305556, -0.202222
0.565278, 0.237778
